{"sample": "bottle/batch-3/14", "camera_intrinsics": [1473.26904296875, 0.0, 720.0, 0.0, 1473.26904296875, 960.0, 0.0, 0.0, 1.0], "fps": 30.012610340479192, "width": 1440, "height": 1920, "frames": [{"frame_index": 0, "rotation": [0.7756844758987427, 0.10762207210063934, -0.621877133846283, 0.19923876225948334, -0.9767221212387085, 0.07948440313339233, -0.5988469123840332, -0.18555685877799988, -0.7790706157684326], "translation": [0.0003066785866394639, 0.057141534984111786, 0.3737080991268158], "scale": [0.44351670145988464, 0.5850570201873779, 0.40145623683929443], "landmarks_2d_norm": [[0.35056668519973755, 0.19814299046993256], [0.059494346380233765, 0.7071362733840942], [0.2521322965621948, 0.7173773646354675], [0.7692571878433228, 0.41800639033317566], [0.3384588360786438, 0.5881950855255127], [0.4377185106277466, 0.9443696737289429], [1.0634863376617432, 0.6457535028457642], [0.866694450378418, 0.13111117482185364], [0.3952452540397644, 0.2782023251056671]], "landmarks_depth": [0.13663342595100403, 0.3474794924259186, 0.37112289667129517, 0.3629797697067261, 0.6212998628616333, 0.5511789917945862, 0.35436439514160156, 0.26467785239219666, 0.11656142771244049]}, {"frame_index": 1, "rotation": [0.7777349352836609, 0.10522201657295227, -0.6197230815887451, 0.19745592772960663, -0.9768813848495483, 0.08193814754486084, -0.5967742204666138, -0.18609412014484406, -0.7805315852165222], "translation": [0.000347084307577461, 0.05751097947359085, 0.3737080991268158], "scale": [0.44185054302215576, 0.5844548940658569, 0.4015602767467499], "landmarks_2d_norm": [[0.35056668519973755, 0.19814299046993256], [0.06078570708632469, 0.7083007097244263], [0.25251322984695435, 0.7191988229751587], [0.7646472454071045, 0.4189114272594452], [0.339778870344162, 0.590114414691925], [0.4377185106277466, 0.9443696737289429], [1.0634863376617432, 0.6457535028457642], [0.8687081336975098, 0.13265693187713623], [0.39698296785354614, 0.2801678478717804]], "landmarks_depth": [0.13663342595100403, 0.3474794924259186, 0.37112289667129517, 0.3629797697067261, 0.6212998628616333, 0.5511789917945862, 0.35436439514160156, 0.26467785239219666, 0.11656142771244049]}, {"frame_index": 2, "rotation": [0.7756942510604858, 0.10558529198169708, -0.6222139000892639, 0.19734925031661987, -0.9770446419715881, 0.08023151010274887, -0.5994595289230347, -0.1850285679101944, -0.7787250280380249], "translation": [0.0009533637785352767, 0.05803680047392845, 0.3737080991268158], "scale": [0.44186079502105713, 0.5832876563072205, 0.40140286087989807], "landmarks_2d_norm": [[0.35056668519973755, 0.19814299046993256], [0.06323334574699402, 0.7098950743675232], [0.2557770609855652, 0.7208437323570251], [0.7719804644584656, 0.4209815561771393], [0.34170740842819214, 0.5919455289840698], [0.4377185106277466, 0.9443696737289429], [1.0634863376617432, 0.6457535028457642], [0.8714309930801392, 0.13406802713871002], [0.39959779381752014, 0.2819882333278656]], "landmarks_depth": [0.13663342595100403, 0.3474794924259186, 0.37112289667129517, 0.3629797697067261, 0.6212998628616333, 0.5511789917945862, 0.35436439514160156, 0.26467785239219666, 0.11656142771244049]}, {"frame_index": 3, "rotation": [0.7745845913887024, 0.10602707415819168, -0.623519778251648, 0.19787684082984924, -0.9769824743270874, 0.07968591153621674, -0.6007190942764282, -0.18510356545448303, -0.7777359485626221], "translation": [0.0010948681738227606, 0.0578286349773407, 0.3737080991268158], "scale": [0.4434050917625427, 0.5837492346763611, 0.4010855257511139], "landmarks_2d_norm": [[0.35056668519973755, 0.19814299046993256], [0.061470285058021545, 0.7083777785301208], [0.2531595826148987, 0.7225132584571838], [0.7747282385826111, 0.4189198911190033], [0.3397684395313263, 0.5903332233428955], [0.4377185106277466, 0.9443696737289429], [1.0634863376617432, 0.6457535028457642], [0.8764208555221558, 0.13004280626773834], [0.39958488941192627, 0.27782100439071655]], "landmarks_depth": [0.13663342595100403, 0.3474794924259186, 0.37112289667129517, 0.3629797697067261, 0.6212998628616333, 0.5511789917945862, 0.35436439514160156, 0.26467785239219666, 0.11656142771244049]}, {"frame_index": 4, "rotation": [0.774910569190979, 0.10841870307922363, -0.622702956199646, 0.19985099136829376, -0.9766643047332764, 0.07865384221076965, -0.5996442437171936, -0.18539747595787048, -0.7784950733184814], "translation": [0.0007435990264639258, 0.057267654687166214, 0.3737080991268158], "scale": [0.44465023279190063, 0.5851770043373108, 0.4012005627155304], "landmarks_2d_norm": [[0.35056668519973755, 0.19814299046993256], [0.0567060150206089, 0.7057490944862366], [0.25137683749198914, 0.7223020195960999], [0.7754069566726685, 0.41692984104156494], [0.3370673954486847, 0.5883191823959351], [0.4342513680458069, 0.944390058517456], [1.0634863376617432, 0.6457535028457642], [0.8804921507835388, 0.12646906077861786], [0.39940202236175537, 0.27377378940582275]], "landmarks_depth": [0.13663342595100403, 0.3474794924259186, 0.37112289667129517, 0.3629797697067261, 0.6212998628616333, 0.5511789917945862, 0.35436439514160156, 0.26467785239219666, 0.11656142771244049]}, {"frame_index": 5, "rotation": [0.7751988768577576, 0.11282201111316681, -0.6215608716011047, 0.20263227820396423, -0.976340115070343, 0.07549971342086792, -0.5983367562294006, -0.1844756007194519, -0.7797190546989441], "translation": [0.00044629673357121646, 0.057207971811294556, 0.3737080991268158], "scale": [0.4441266655921936, 0.5871302485466003, 0.40188348293304443], "landmarks_2d_norm": [[0.35056668519973755, 0.19814299046993256], [0.05437964200973511, 0.7047427892684937], [0.25142955780029297, 0.7201154232025146], [0.7742211222648621, 0.4177897274494171], [0.3370373547077179, 0.5889697670936584], [0.4314103126525879, 0.946172833442688], [1.0634863376617432, 0.6457535028457642], [0.8820791244506836, 0.1277129203081131], [0.40060076117515564, 0.2745071053504944]], "landmarks_depth": [0.13663342595100403, 0.3474794924259186, 0.37112289667129517, 0.3629797697067261, 0.6212998628616333, 0.5511789917945862, 0.35436439514160156, 0.26467785239219666, 0.11656142771244049]}, {"frame_index": 6, "rotation": [0.7732053399085999, 0.11713829636573792, -0.6232432126998901, 0.20537878572940826, -0.9760787487030029, 0.07134252786636353, -0.5999776124954224, -0.18316340446472168, -0.7787670493125916], "translation": [0.000756338587962091, 0.05716664344072342, 0.3737080991268158], "scale": [0.4438808560371399, 0.5872485637664795, 0.4023042619228363], "landmarks_2d_norm": [[0.35056668519973755, 0.19814299046993256], [0.05621620640158653, 0.7045543193817139], [0.2530561089515686, 0.7180278301239014], [0.777381956577301, 0.41895273327827454], [0.33897608518600464, 0.5887972116470337], [0.4318123757839203, 0.9458238482475281], [1.0634863376617432, 0.6457535028457642], [0.8841549158096313, 0.12912164628505707], [0.40320345759391785, 0.2757032513618469]], "landmarks_depth": [0.13663342595100403, 0.3474794924259186, 0.37112289667129517, 0.3629797697067261, 0.6212998628616333, 0.5511789917945862, 0.35436439514160156, 0.26467785239219666, 0.11656142771244049]}, {"frame_index": 7, "rotation": [0.7929505705833435, 0.10242895781993866, -0.6006144881248474, 0.19622372090816498, -0.9761785864830017, 0.0925830751657486, -0.5768237709999084, -0.19126854836940765, -0.7941603064537048], "translation": [-0.0007760178996250033, 0.056723155081272125, 0.3737080991268158], "scale": [0.43311965465545654, 0.5894014835357666, 0.4038219451904297], "landmarks_2d_norm": [[0.35056668519973755, 0.19814299046993256], [0.05828094109892845, 0.7028394341468811], [0.2541709840297699, 0.7157551050186157], [0.721144437789917, 0.4120694696903229], [0.33968138694763184, 0.588631272315979], [0.4311160743236542, 0.9454577565193176], [1.0634863376617432, 0.6457535028457642], [0.8844088912010193, 0.13034112751483917], [0.4045368731021881, 0.2768996059894562]], "landmarks_depth": [0.13663342595100403, 0.3474794924259186, 0.37112289667129517, 0.3629797697067261, 0.6212998628616333, 0.5511789917945862, 0.35436439514160156, 0.26467785239219666, 0.11656142771244049]}, {"frame_index": 8, "rotation": [0.7969260215759277, 0.09873488545417786, -0.5959532856941223, 0.19394400715827942, -0.9761430025100708, 0.09762455523014069, -0.5720967054367065, -0.19338113069534302, -0.7970628142356873], "translation": [-0.0007679503760300577, 0.056876346468925476, 0.3737080991268158], "scale": [0.4298074245452881, 0.5898350477218628, 0.4040542244911194], "landmarks_2d_norm": [[0.35056668519973755, 0.19814299046993256], [0.06393392384052277, 0.702771782875061], [0.2569517493247986, 0.7164592742919922], [0.7229774594306946, 0.41395536065101624], [0.34195294976234436, 0.5894529223442078], [0.43066665530204773, 0.9457728266716003], [1.0634863376617432, 0.6457535028457642], [0.8856582045555115, 0.13266156613826752], [0.4072272777557373, 0.27938297390937805]], "landmarks_depth": [0.13663342595100403, 0.3474794924259186, 0.37112289667129517, 0.3629797697067261, 0.6212998628616333, 0.5511789917945862, 0.35436439514160156, 0.26467785239219666, 0.11656142771244049]}, {"frame_index": 9, "rotation": [0.7976381778717041, 0.09830582141876221, -0.5950708389282227, 0.19393673539161682, -0.976034939289093, 0.09871342778205872, -0.5711058378219604, -0.19414371252059937, -0.7975878119468689], "translation": [-0.00025892650592140853, 0.05713415890932083, 0.3737080991268158], "scale": [0.4268283247947693, 0.5900310277938843, 0.4042310416698456], "landmarks_2d_norm": [[0.35056668519973755, 0.19814299046993256], [0.06991346925497055, 0.7021223306655884], [0.2586391270160675, 0.7161217927932739], [0.7204105854034424, 0.4152407944202423], [0.3460083603858948, 0.590484619140625], [0.431179016828537, 0.9461528062820435], [1.0634863376617432, 0.6457535028457642], [0.8888248801231384, 0.13498759269714355], [0.4116118550300598, 0.28175225853919983]], "landmarks_depth": [0.13663342595100403, 0.3474794924259186, 0.37112289667129517, 0.3629797697067261, 0.6212998628616333, 0.5511789917945862, 0.35436439514160156, 0.26467785239219666, 0.11656142771244049]}, {"frame_index": 10, "rotation": [0.6293895840644836, 0.03906375169754028, -0.7761074900627136, -0.07047238945960999, -0.991750955581665, -0.10706786066293716, -0.7738879323005676, 0.12208154797554016, -0.6214448809623718], "translation": [-0.026038361713290215, 0.003578626550734043, 0.34575971961021423], "scale": [0.5778771638870239, 0.3485122323036194, 0.29906028509140015], "landmarks_2d_norm": [[0.2756475508213043, 0.1880893111228943], [0.057076990604400635, 0.550329327583313], [0.12705212831497192, 0.610885500907898], [0.5599519610404968, 0.2977159321308136], [0.1817832887172699, 0.42064663767814636], [0.6360283493995667, 0.7477214336395264], [0.6378867030143738, 0.5640239119529724], [0.7580507397651672, 0.10378267616033554], [0.2401042878627777, 0.2945374548435211]], "landmarks_depth": [0.15658996999263763, 0.29589638113975525, 0.25986483693122864, 0.3487868905067444, 0.6320009827613831, 0.3880033493041992, 0.25394970178604126, 0.2792539894580841, 0.2124985307455063]}, {"frame_index": 11, "rotation": [0.5723928213119507, 0.03814662992954254, -0.8190917372703552, -0.15382331609725952, -0.9761878252029419, -0.1529567688703537, -0.8054221272468567, 0.2135467827320099, -0.5528950691223145], "translation": [-0.033597685396671295, -0.012989237904548645, 0.3373752236366272], "scale": [0.6247166395187378, 0.2776700258255005, 0.268673300743103], "landmarks_2d_norm": [[0.2756475508213043, 0.1880893111228943], [0.05457098037004471, 0.5485084056854248], [0.12242979556322098, 0.6104597449302673], [0.5640817284584045, 0.2957077622413635], [0.17871282994747162, 0.41719961166381836], [0.6385425329208374, 0.7484217286109924], [0.6467970609664917, 0.5653072595596313], [0.7629884481430054, 0.10109414160251617], [0.23947395384311676, 0.29117870330810547]], "landmarks_depth": [0.15658996999263763, 0.29589638113975525, 0.25986483693122864, 0.3487868905067444, 0.6320009827613831, 0.3880033493041992, 0.25394970178604126, 0.2792539894580841, 0.2124985307455063]}, {"frame_index": 12, "rotation": [0.5553734302520752, 0.041506025940179825, -0.8305646181106567, -0.17658361792564392, -0.9700916409492493, -0.1665547490119934, -0.8126368522644043, 0.23916420340538025, -0.5314337611198425], "translation": [-0.03569283336400986, -0.01861092448234558, 0.33485984802246094], "scale": [0.6394228935241699, 0.25722068548202515, 0.26021626591682434], "landmarks_2d_norm": [[0.2756475508213043, 0.1880893111228943], [0.054202016443014145, 0.5457578897476196], [0.12082643806934357, 0.6082912087440491], [0.5671544075012207, 0.2931300699710846], [0.17805585265159607, 0.4142252206802368], [0.6395425200462341, 0.7480328679084778], [0.6478486061096191, 0.5642580389976501], [0.7666497230529785, 0.09925411641597748], [0.2404654175043106, 0.28824055194854736]], "landmarks_depth": [0.15658996999263763, 0.29589638113975525, 0.25986483693122864, 0.3487868905067444, 0.6320009827613831, 0.3880033493041992, 0.25394970178604126, 0.2792539894580841, 0.2124985307455063]}, {"frame_index": 13, "rotation": [0.5505629181861877, 0.04356292635202408, -0.8336562514305115, -0.1821543276309967, -0.9683046936988831, -0.1708972156047821, -0.8146780133247375, 0.24594375491142273, -0.5251774787902832], "translation": [-0.03607601672410965, -0.020562974736094475, 0.3341052532196045], "scale": [0.6445801258087158, 0.2517503499984741, 0.2579672634601593], "landmarks_2d_norm": [[0.2756475508213043, 0.1880893111228943], [0.05513360723853111, 0.5446693301200867], [0.12066590040922165, 0.6063440442085266], [0.5695111751556396, 0.29180386662483215], [0.17744556069374084, 0.4133388102054596], [0.6406190395355225, 0.7482922077178955], [0.6495426297187805, 0.5642597079277039], [0.7703145146369934, 0.09812308847904205], [0.24200566112995148, 0.2870027422904968]], "landmarks_depth": [0.15658996999263763, 0.29589638113975525, 0.25986483693122864, 0.3487868905067444, 0.6320009827613831, 0.3880033493041992, 0.25394970178604126, 0.2792539894580841, 0.2124985307455063]}, {"frame_index": 14, "rotation": [0.5481854677200317, 0.04282456636428833, -0.8352596163749695, -0.1838587522506714, -0.9680873155593872, -0.17030227184295654, -0.8158974051475525, 0.24692702293395996, -0.5228177905082703], "translation": [-0.036195673048496246, -0.02138151042163372, 0.33387887477874756], "scale": [0.645889937877655, 0.2512039542198181, 0.2573128938674927], "landmarks_2d_norm": [[0.2756475508213043, 0.1880893111228943], [0.05512572452425957, 0.5440006256103516], [0.12066330015659332, 0.6059110760688782], [0.571441113948822, 0.2913101315498352], [0.17788606882095337, 0.41252872347831726], [0.6414767503738403, 0.7485976815223694], [0.6505224704742432, 0.5643213391304016], [0.7643044590950012, 0.0945223793387413], [0.2424445003271103, 0.28617140650749207]], "landmarks_depth": [0.15658996999263763, 0.29589638113975525, 0.25986483693122864, 0.3487868905067444, 0.6320009827613831, 0.3880033493041992, 0.25394970178604126, 0.2792539894580841, 0.2124985307455063]}, {"frame_index": 15, "rotation": [0.5477336645126343, 0.04348832368850708, -0.8355217576026917, -0.18427568674087524, -0.9678532481193542, -0.1711796373128891, -0.8161067962646484, 0.2477271556854248, -0.5221119523048401], "translation": [-0.03632524609565735, -0.021749310195446014, 0.333810955286026], "scale": [0.6462876796722412, 0.2511339783668518, 0.257808655500412], "landmarks_2d_norm": [[0.2756475508213043, 0.1880893111228943], [0.05401492491364479, 0.543186604976654], [0.11873523145914078, 0.6049593687057495], [0.572056770324707, 0.29231446981430054], [0.17745374143123627, 0.4118472933769226], [0.6419186592102051, 0.748801052570343], [0.6498887538909912, 0.564209520816803], [0.7639780640602112, 0.09318304806947708], [0.2418491542339325, 0.2853246331214905]], "landmarks_depth": [0.15658996999263763, 0.29589638113975525, 0.25986483693122864, 0.3487868905067444, 0.6320009827613831, 0.3880033493041992, 0.25394970178604126, 0.2792539894580841, 0.2124985307455063]}, {"frame_index": 16, "rotation": [0.5470355749130249, 0.043722063302993774, -0.8359668254852295, -0.1835785061120987, -0.9680598974227905, -0.17075985670089722, -0.8167319297790527, 0.24687723815441132, -0.5215367674827576], "translation": [-0.036205537617206573, -0.022021237760782242, 0.3337905704975128], "scale": [0.6467474699020386, 0.251712441444397, 0.25824227929115295], "landmarks_2d_norm": [[0.2756475508213043, 0.1880893111228943], [0.053841304033994675, 0.5426375269889832], [0.11891108751296997, 0.6048368811607361], [0.5746073722839355, 0.29078131914138794], [0.177474245429039, 0.41128912568092346], [0.6433829665184021, 0.748965859413147], [0.6502480506896973, 0.5642136931419373], [0.7649993896484375, 0.09230176359415054], [0.24190883338451385, 0.2845994234085083]], "landmarks_depth": [0.15658996999263763, 0.29589638113975525, 0.25986483693122864, 0.3487868905067444, 0.6320009827613831, 0.3880033493041992, 0.25394970178604126, 0.2792539894580841, 0.2124985307455063]}, {"frame_index": 17, "rotation": [0.5464787483215332, 0.041323333978652954, -0.836452841758728, -0.18287301063537598, -0.9687908291816711, -0.16733744740486145, -0.8172628283500671, 0.24441100656986237, -0.5218666791915894], "translation": [-0.035757072269916534, -0.022690171375870705, 0.33378446102142334], "scale": [0.6473516225814819, 0.25373202562332153, 0.2584734559059143], "landmarks_2d_norm": [[0.2756475508213043, 0.1880893111228943], [0.05521540716290474, 0.540864109992981], [0.11826154589653015, 0.6038026809692383], [0.5784817337989807, 0.28878194093704224], [0.17747502028942108, 0.40967077016830444], [0.646711528301239, 0.7487637996673584], [0.6560577154159546, 0.5641862750053406], [0.7653383612632751, 0.08469129353761673], [0.2436629831790924, 0.2825922667980194]], "landmarks_depth": [0.15658996999263763, 0.29589638113975525, 0.25986483693122864, 0.3487868905067444, 0.6320009827613831, 0.3880033493041992, 0.25394970178604126, 0.2792539894580841, 0.2124985307455063]}, {"frame_index": 18, "rotation": [0.545815110206604, 0.04171395301818848, -0.8368666172027588, -0.18122880160808563, -0.9692418575286865, -0.16651199758052826, -0.8180720806121826, 0.2425491213798523, -0.5214671492576599], "translation": [-0.03491872176527977, -0.023600300773978233, 0.3337826132774353], "scale": [0.6473327875137329, 0.2547149062156677, 0.2592393755912781], "landmarks_2d_norm": [[0.2756475508213043, 0.1880893111228943], [0.05799466371536255, 0.5383797883987427], [0.11912135779857635, 0.6020275950431824], [0.5823631882667542, 0.28600773215293884], [0.17980630695819855, 0.4072865843772888], [0.6506447196006775, 0.7473669052124023], [0.6582203507423401, 0.5622087121009827], [0.7713833451271057, 0.0813693106174469], [0.24645355343818665, 0.27986857295036316]], "landmarks_depth": [0.15658996999263763, 0.29589638113975525, 0.25986483693122864, 0.3487868905067444, 0.6320009827613831, 0.3880033493041992, 0.25394970178604126, 0.2792539894580841, 0.2124985307455063]}, {"frame_index": 19, "rotation": [0.6261066794395447, -0.013182759284973145, -0.7796259522438049, -0.16714654862880707, -0.9788836240768433, -0.11768101900815964, -0.761611819267273, 0.20399267971515656, -0.6150890588760376], "translation": [-0.025484595447778702, -0.022568974643945694, 0.3337820768356323], "scale": [0.6499100923538208, 0.2677670121192932, 0.23126254975795746], "landmarks_2d_norm": [[0.2756475508213043, 0.1880893111228943], [0.05958976224064827, 0.5360280275344849], [0.12027502059936523, 0.599450945854187], [0.5869053602218628, 0.28287050127983093], [0.18095088005065918, 0.4038766324520111], [0.654483437538147, 0.7460659742355347], [1.0523251295089722, 0.635834276676178], [0.7796108722686768, 0.07627366483211517], [0.24842828512191772, 0.27649858593940735]], "landmarks_depth": [0.15658996999263763, 0.29589638113975525, 0.25986483693122864, 0.3487868905067444, 0.6320009827613831, 0.3880033493041992, 0.25394970178604126, 0.2792539894580841, 0.2124985307455063]}, {"frame_index": 20, "rotation": [0.5656325817108154, 0.20922383666038513, -0.7976748943328857, 0.032678186893463135, -0.972207248210907, -0.2318301796913147, -0.8240097165107727, 0.10506412386894226, -0.556749165058136], "translation": [-0.018421687185764313, 0.007306142710149288, 0.28778982162475586], "scale": [0.5396475791931152, 0.28772228956222534, 0.2541531026363373], "landmarks_2d_norm": [[0.38841792941093445, 0.1726522445678711], [0.2913101315498352, 0.7690368294715881], [0.13724353909492493, 0.7301371693611145], [0.7085281014442444, 0.47851407527923584], [0.26440006494522095, 0.3904953598976135], [0.47791585326194763, 0.8771728277206421], [0.6337275505065918, 0.4657103717327118], [0.8115445375442505, 0.042346641421318054], [0.2543269395828247, 0.2702699601650238]], "landmarks_depth": [0.25544750690460205, 0.33421194553375244, 0.2240644097328186, 0.32273784279823303, 0.4875637888908386, 0.37513870000839233, 0.1890040785074234, 0.1932181417942047, 0.018692119047045708]}, {"frame_index": 21, "rotation": [0.5369777083396912, 0.27317142486572266, -0.7981430292129517, 0.09039883315563202, -0.959304690361023, -0.26751160621643066, -0.8387389183044434, 0.07149656116962433, -0.539819598197937], "translation": [-0.01564798690378666, 0.016130952164530754, 0.2739921510219574], "scale": [0.5062163472175598, 0.29486891627311707, 0.26121193170547485], "landmarks_2d_norm": [[0.38841792941093445, 0.1726522445678711], [0.29456907510757446, 0.769174337387085], [0.13994953036308289, 0.7303343415260315], [0.7131385207176208, 0.47761979699134827], [0.2679937481880188, 0.3895898163318634], [0.48001348972320557, 0.8783329725265503], [0.6377511024475098, 0.46474066376686096], [0.817297637462616, 0.03824690356850624], [0.2576485276222229, 0.2687942385673523]], "landmarks_depth": [0.25544750690460205, 0.33421194553375244, 0.2240644097328186, 0.32273784279823303, 0.4875637888908386, 0.37513870000839233, 0.1890040785074234, 0.1932181417942047, 0.018692119047045708]}, {"frame_index": 22, "rotation": [0.5246670842170715, 0.29313549399375916, -0.799247145652771, 0.10847996175289154, -0.9542142748832703, -0.2787601053714752, -0.8443675637245178, 0.05955392122268677, -0.532444179058075], "translation": [-0.013969551771879196, 0.01840650849044323, 0.2698528468608856], "scale": [0.4963037371635437, 0.29846882820129395, 0.26318514347076416], "landmarks_2d_norm": [[0.38841792941093445, 0.1726522445678711], [0.3002457618713379, 0.76702481508255], [0.14179378747940063, 0.7298615574836731], [0.7223438620567322, 0.47671207785606384], [0.27151191234588623, 0.3878041207790375], [0.48001348972320557, 0.8783329725265503], [0.6461743116378784, 0.4636983871459961], [0.8237754702568054, 0.03290420025587082], [0.2606130838394165, 0.26643913984298706]], "landmarks_depth": [0.25544750690460205, 0.33421194553375244, 0.2240644097328186, 0.32273784279823303, 0.4875637888908386, 0.37513870000839233, 0.1890040785074234, 0.1932181417942047, 0.018692119047045708]}, {"frame_index": 23, "rotation": [0.5202725529670715, 0.29871976375579834, -0.8000518679618835, 0.11279281973838806, -0.9526574611663818, -0.28234997391700745, -0.8465189933776855, 0.05665886402130127, -0.5293350219726562], "translation": [-0.012586654163897038, 0.019183997064828873, 0.26861104369163513], "scale": [0.4926958680152893, 0.2997229993343353, 0.26471033692359924], "landmarks_2d_norm": [[0.38841792941093445, 0.1726522445678711], [0.3029666244983673, 0.7702957987785339], [0.14430086314678192, 0.7314485311508179], [0.7292921543121338, 0.476632684469223], [0.2758575975894928, 0.3876279294490814], [0.48134440183639526, 0.8785762190818787], [0.6591939330101013, 0.46471986174583435], [0.8311015367507935, 0.02890332229435444], [0.2645811438560486, 0.26553043723106384]], "landmarks_depth": [0.25544750690460205, 0.33421194553375244, 0.2240644097328186, 0.32273784279823303, 0.4875637888908386, 0.37513870000839233, 0.1890040785074234, 0.1932181417942047, 0.018692119047045708]}, {"frame_index": 24, "rotation": [0.5160762071609497, 0.30180829763412476, -0.8016090989112854, 0.11324858665466309, -0.9516924023628235, -0.28540563583374023, -0.8490229845046997, 0.056509941816329956, -0.5253251194953918], "translation": [-0.011174655519425869, 0.019754458218812943, 0.26823851466178894], "scale": [0.49060937762260437, 0.30090612173080444, 0.2653704881668091], "landmarks_2d_norm": [[0.38841792941093445, 0.1726522445678711], [0.30798012018203735, 0.7732511162757874], [0.14752984046936035, 0.7343777418136597], [0.737676739692688, 0.478574275970459], [0.2819807529449463, 0.38886597752571106], [0.48134440183639526, 0.8785762190818787], [0.6678895354270935, 0.46665552258491516], [0.8404655456542969, 0.02737058326601982], [0.2707720100879669, 0.2662380039691925]], "landmarks_depth": [0.25544750690460205, 0.33421194553375244, 0.2240644097328186, 0.32273784279823303, 0.4875637888908386, 0.37513870000839233, 0.1890040785074234, 0.1932181417942047, 0.018692119047045708]}, {"frame_index": 25, "rotation": [0.5129374265670776, 0.3041287660598755, -0.8027458190917969, 0.1130676418542862, -0.9509258270263672, -0.2880205512046814, -0.8509470820426941, 0.056971997022628784, -0.5221526622772217], "translation": [-0.010082080960273743, 0.02009771764278412, 0.2681267559528351], "scale": [0.48932427167892456, 0.3024364113807678, 0.2657560706138611], "landmarks_2d_norm": [[0.38841792941093445, 0.1726522445678711], [0.3104204535484314, 0.7751560807228088], [0.1489473581314087, 0.7360250949859619], [0.7437684535980225, 0.47961488366127014], [0.28614291548728943, 0.38955721259117126], [0.48134440183639526, 0.8785762190818787], [0.6736136674880981, 0.46761900186538696], [0.8484209775924683, 0.02553762122988701], [0.27475646138191223, 0.2663881182670593]], "landmarks_depth": [0.25544750690460205, 0.33421194553375244, 0.2240644097328186, 0.32273784279823303, 0.4875637888908386, 0.37513870000839233, 0.1890040785074234, 0.1932181417942047, 0.018692119047045708]}, {"frame_index": 26, "rotation": [0.5115043520927429, 0.30471551418304443, -0.8034374117851257, 0.1120973527431488, -0.9506842494010925, -0.2891949415206909, -0.8519375324249268, 0.05786123871803284, -0.5204369425773621], "translation": [-0.009340694174170494, 0.02026345394551754, 0.2680932283401489], "scale": [0.48840081691741943, 0.3045370578765869, 0.26616913080215454], "landmarks_2d_norm": [[0.38841792941093445, 0.1726522445678711], [0.3113115131855011, 0.7774205803871155], [0.1501244157552719, 0.7388449311256409], [0.7462425231933594, 0.47958800196647644], [0.2888428866863251, 0.3893602192401886], [0.48134440183639526, 0.8785762190818787], [0.6765655279159546, 0.4676664173603058], [0.8564804792404175, 0.021787432953715324], [0.2771466076374054, 0.26542967557907104]], "landmarks_depth": [0.25544750690460205, 0.33421194553375244, 0.2240644097328186, 0.32273784279823303, 0.4875637888908386, 0.37513870000839233, 0.1890040785074234, 0.1932181417942047, 0.018692119047045708]}, {"frame_index": 27, "rotation": [0.509671688079834, 0.30429109930992126, -0.8047618865966797, 0.1100393533706665, -0.9507411122322083, -0.2897976040840149, -0.8533030152320862, 0.05914613604545593, -0.5180497765541077], "translation": [-0.008527977392077446, 0.020162133499979973, 0.2680831551551819], "scale": [0.48746350407600403, 0.30620020627975464, 0.26616981625556946], "landmarks_2d_norm": [[0.38841792941093445, 0.1726522445678711], [0.31381475925445557, 0.780348002910614], [0.15177372097969055, 0.7408397197723389], [0.7517890930175781, 0.47958436608314514], [0.2923070788383484, 0.3887750208377838], [0.48056238889694214, 0.8740898966789246], [0.6820888519287109, 0.46765387058258057], [0.8637472987174988, 0.017900707200169563], [0.28047579526901245, 0.263982355594635]], "landmarks_depth": [0.25544750690460205, 0.33421194553375244, 0.2240644097328186, 0.32273784279823303, 0.4875637888908386, 0.37513870000839233, 0.1890040785074234, 0.1932181417942047, 0.018692119047045708]}, {"frame_index": 28, "rotation": [0.5081374645233154, 0.3051576614379883, -0.8054037094116211, 0.1084873229265213, -0.9503580331802368, -0.29163336753845215, -0.8544161319732666, 0.060813769698143005, -0.5160182118415833], "translation": [-0.007727122399955988, 0.02035418152809143, 0.2680801451206207], "scale": [0.4865596890449524, 0.30823060870170593, 0.2665584683418274], "landmarks_2d_norm": [[0.38841792941093445, 0.1726522445678711], [0.31472480297088623, 0.7840029001235962], [0.15252254903316498, 0.743439793586731], [0.7563177347183228, 0.4806307852268219], [0.2957821488380432, 0.38898229598999023], [0.48056238889694214, 0.8740898966789246], [0.6872861385345459, 0.4687139689922333], [0.8732547163963318, 0.015412452630698681], [0.28401362895965576, 0.2633548080921173]], "landmarks_depth": [0.25544750690460205, 0.33421194553375244, 0.2240644097328186, 0.32273784279823303, 0.4875637888908386, 0.37513870000839233, 0.1890040785074234, 0.1932181417942047, 0.018692119047045708]}, {"frame_index": 29, "rotation": [0.5069337487220764, 0.30587494373321533, -0.8058900237083435, 0.1074107363820076, -0.9500519037246704, -0.2930261492729187, -0.8552666902542114, 0.061983585357666016, -0.5144676566123962], "translation": [-0.007026256527751684, 0.02035348489880562, 0.2680792510509491], "scale": [0.4863967299461365, 0.3108019530773163, 0.2669614553451538], "landmarks_2d_norm": [[0.38841792941093445, 0.1726522445678711], [0.3138035833835602, 0.7861719131469727], [0.15170931816101074, 0.7454723119735718], [0.7641378045082092, 0.48061713576316833], [0.29706552624702454, 0.3878740668296814], [0.48056238889694214, 0.8740898966789246], [0.6945691108703613, 0.4685889482498169], [0.8801659345626831, 0.009801222011446953], [0.28478288650512695, 0.2612614035606384]], "landmarks_depth": [0.25544750690460205, 0.33421194553375244, 0.2240644097328186, 0.32273784279823303, 0.4875637888908386, 0.37513870000839233, 0.1890040785074234, 0.1932181417942047, 0.018692119047045708]}, {"frame_index": 30, "rotation": [0.5347878336906433, 0.30351522564888, -0.7885940074920654, 0.10233266651630402, -0.9496567845344543, -0.2961080074310303, -0.8387669324874878, 0.07765607535839081, -0.5389244556427002], "translation": [0.001167604699730873, -0.01002446562051773, 0.3153180778026581], "scale": [0.4338037371635437, 0.4870676100254059, 0.33303433656692505], "landmarks_2d_norm": [[0.5181940793991089, 0.16442450881004333], [0.19759953022003174, 0.7267680764198303], [0.33762943744659424, 0.5966535806655884], [0.8083131909370422, 0.15717953443527222], [0.3386945426464081, 0.3400937020778656], [0.6035532355308533, 0.872065544128418], [0.43198877573013306, 0.5384103655815125], [0.6545600891113281, 0.06777003407478333], [0.4567376971244812, 0.40551650524139404]], "landmarks_depth": [0.40588119626045227, 0.2341798096895218, 0.24131661653518677, 0.5551607608795166, 0.5161372423171997, 0.4619336724281311, 0.2019076645374298, 0.2365158200263977, 0.23735471069812775]}, {"frame_index": 31, "rotation": [0.5418555736541748, 0.3033236563205719, -0.783828616142273, 0.10133542120456696, -0.949380099773407, -0.29733580350875854, -0.8343402147293091, 0.081683449447155, -0.5451643466949463], "translation": [0.004021331202238798, -0.01858392357826233, 0.32948970794677734], "scale": [0.41858530044555664, 0.5423157811164856, 0.35446709394454956], "landmarks_2d_norm": [[0.5181940793991089, 0.16442450881004333], [0.19537188112735748, 0.7313674092292786], [0.3374216556549072, 0.6000493764877319], [0.8135038614273071, 0.15664860606193542], [0.33865290880203247, 0.341559499502182], [0.6049895882606506, 0.8756964206695557], [0.4330775737762451, 0.540835976600647], [0.6583050489425659, 0.06749963760375977], [0.45912981033325195, 0.4071858823299408]], "landmarks_depth": [0.40588119626045227, 0.2341798096895218, 0.24131661653518677, 0.5551607608795166, 0.5161372423171997, 0.4619336724281311, 0.2019076645374298, 0.2365158200263977, 0.23735471069812775]}, {"frame_index": 32, "rotation": [0.5422133207321167, 0.3033352494239807, -0.7835767865180969, 0.10239627957344055, -0.9494656920433044, -0.2966981828212738, -0.8339782357215881, 0.0806383490562439, -0.5458733439445496], "translation": [0.0052395774982869625, -0.021341092884540558, 0.3337412178516388], "scale": [0.41502705216407776, 0.5618463158607483, 0.36295899748802185], "landmarks_2d_norm": [[0.5181940793991089, 0.16442450881004333], [0.19525964558124542, 0.7320654988288879], [0.336472749710083, 0.601280927658081], [0.8188356757164001, 0.15332743525505066], [0.33793190121650696, 0.34053927659988403], [0.6062930822372437, 0.8779022693634033], [0.43349936604499817, 0.541161298751831], [0.6610621213912964, 0.06455489248037338], [0.4614984691143036, 0.406601220369339]], "landmarks_depth": [0.40588119626045227, 0.2341798096895218, 0.24131661653518677, 0.5551607608795166, 0.5161372423171997, 0.4619336724281311, 0.2019076645374298, 0.2365158200263977, 0.23735471069812775]}, {"frame_index": 33, "rotation": [0.5410795211791992, 0.30404216051101685, -0.7840863466262817, 0.10519513487815857, -0.949504554271698, -0.2955930233001709, -0.8343662023544312, 0.0774572491645813, -0.5457412004470825], "translation": [0.005233370698988438, -0.023327432572841644, 0.335016667842865], "scale": [0.41559866070747375, 0.5719821453094482, 0.36794692277908325], "landmarks_2d_norm": [[0.5181940793991089, 0.16442450881004333], [0.1888483315706253, 0.7310810089111328], [0.3320629596710205, 0.5997914671897888], [0.8232869505882263, 0.14683720469474792], [0.3340699374675751, 0.33623430132865906], [0.6023948192596436, 0.8764721155166626], [0.43032974004745483, 0.5383687615394592], [0.662627100944519, 0.05735497176647186], [0.4607079029083252, 0.403133749961853]], "landmarks_depth": [0.40588119626045227, 0.2341798096895218, 0.24131661653518677, 0.5551607608795166, 0.5161372423171997, 0.4619336724281311, 0.2019076645374298, 0.2365158200263977, 0.23735471069812775]}, {"frame_index": 34, "rotation": [0.5337142944335938, 0.3043133020401001, -0.7890136241912842, 0.10652196407318115, -0.949770450592041, -0.2942604422569275, -0.8389291167259216, 0.07300372421741486, -0.5393220782279968], "translation": [0.006037205457687378, -0.02423337660729885, 0.3353992998600006], "scale": [0.4178231656551361, 0.5790508985519409, 0.37617582082748413], "landmarks_2d_norm": [[0.5181940793991089, 0.16442450881004333], [0.18771027028560638, 0.7307379245758057], [0.32966652512550354, 0.6007422804832458], [0.838990330696106, 0.14384634792804718], [0.3321664035320282, 0.3350771367549896], [0.6055060625076294, 0.8776953816413879], [0.42914873361587524, 0.5381466746330261], [0.6668577194213867, 0.05345475673675537], [0.4621013104915619, 0.4022568464279175]], "landmarks_depth": [0.40588119626045227, 0.2341798096895218, 0.24131661653518677, 0.5551607608795166, 0.5161372423171997, 0.4619336724281311, 0.2019076645374298, 0.2365158200263977, 0.23735471069812775]}, {"frame_index": 35, "rotation": [0.5305214524269104, 0.30445849895477295, -0.7911080718040466, 0.1072954460978508, -0.9498844146728516, -0.29361069202423096, -0.8408535122871399, 0.07088450342416763, -0.5366010665893555], "translation": [0.0064786868169903755, -0.02387990988790989, 0.3355140686035156], "scale": [0.41936567425727844, 0.5837477445602417, 0.3806712031364441], "landmarks_2d_norm": [[0.5181940793991089, 0.16442450881004333], [0.18412896990776062, 0.7344953417778015], [0.3279266655445099, 0.604920506477356], [0.8438583612442017, 0.14313295483589172], [0.33047011494636536, 0.33702024817466736], [0.607150137424469, 0.8826729655265808], [0.4287029206752777, 0.5405063629150391], [0.6700299382209778, 0.0528026819229126], [0.46359363198280334, 0.4038010537624359]], "landmarks_depth": [0.40588119626045227, 0.2341798096895218, 0.24131661653518677, 0.5551607608795166, 0.5161372423171997, 0.4619336724281311, 0.2019076645374298, 0.2365158200263977, 0.23735471069812775]}, {"frame_index": 36, "rotation": [0.5279607176780701, 0.3038453459739685, -0.7930545806884766, 0.1076706051826477, -0.950221061706543, -0.2923814356327057, -0.8424158692359924, 0.06897729635238647, -0.5343946218490601], "translation": [0.006602508947253227, -0.02311720885336399, 0.3355485200881958], "scale": [0.4210556745529175, 0.586816132068634, 0.3841566741466522], "landmarks_2d_norm": [[0.5181940793991089, 0.16442450881004333], [0.18399308621883392, 0.7353827357292175], [0.32437050342559814, 0.6089914441108704], [0.8475416302680969, 0.1429157853126526], [0.3271332085132599, 0.3393077552318573], [0.6079681515693665, 0.8888432383537292], [0.42639052867889404, 0.5426583886146545], [0.6719509959220886, 0.05211309343576431], [0.4640204608440399, 0.4054299294948578]], "landmarks_depth": [0.40588119626045227, 0.2341798096895218, 0.24131661653518677, 0.5551607608795166, 0.5161372423171997, 0.4619336724281311, 0.2019076645374298, 0.2365158200263977, 0.23735471069812775]}, {"frame_index": 37, "rotation": [0.5222716927528381, 0.30117666721343994, -0.7978250980377197, 0.10732078552246094, -0.9513335824012756, -0.2888714373111725, -0.8459990620613098, 0.06524616479873657, -0.5291771292686462], "translation": [0.006796962581574917, -0.022967571392655373, 0.33555886149406433], "scale": [0.4233044385910034, 0.589178204536438, 0.38834691047668457], "landmarks_2d_norm": [[0.5181940793991089, 0.16442450881004333], [0.19493454694747925, 0.7325117588043213], [0.3201405704021454, 0.6111277937889099], [0.8525848388671875, 0.1404743790626526], [0.3231127858161926, 0.33931177854537964], [0.6065846085548401, 0.89225834608078], [0.4234207570552826, 0.542870819568634], [0.6743000745773315, 0.04874918982386589], [0.465099960565567, 0.405391663312912]], "landmarks_depth": [0.40588119626045227, 0.2341798096895218, 0.24131661653518677, 0.5551607608795166, 0.5161372423171997, 0.4619336724281311, 0.2019076645374298, 0.2365158200263977, 0.23735471069812775]}, {"frame_index": 38, "rotation": [0.5196423530578613, 0.2993066906929016, -0.8002420663833618, 0.10762596130371094, -0.9521009922027588, -0.2862173318862915, -0.8475780487060547, 0.06260377168655396, -0.5269650816917419], "translation": [0.006307350005954504, -0.02255573868751526, 0.33556196093559265], "scale": [0.42543748021125793, 0.5909541845321655, 0.3913891017436981], "landmarks_2d_norm": [[0.5181940793991089, 0.16442450881004333], [0.19410540163516998, 0.7307957410812378], [0.31487759947776794, 0.6146880388259888], [0.8533844947814941, 0.1397315412759781], [0.3176031708717346, 0.34076324105262756], [0.6037707328796387, 0.8967962861061096], [0.4193204343318939, 0.5447797775268555], [0.6743849515914917, 0.0475664846599102], [0.46326586604118347, 0.40632665157318115]], "landmarks_depth": [0.40588119626045227, 0.2341798096895218, 0.24131661653518677, 0.5551607608795166, 0.5161372423171997, 0.4619336724281311, 0.2019076645374298, 0.2365158200263977, 0.23735471069812775]}, {"frame_index": 39, "rotation": [0.5180803537368774, 0.29828080534935, -0.8016365766525269, 0.1076844185590744, -0.9525115489959717, -0.28482574224472046, -0.8485262393951416, 0.061238840222358704, -0.5255978107452393], "translation": [0.0055521223694086075, -0.021686159074306488, 0.33556288480758667], "scale": [0.42740997672080994, 0.5925399661064148, 0.39368340373039246], "landmarks_2d_norm": [[0.5181940793991089, 0.16442450881004333], [0.19229629635810852, 0.7320773005485535], [0.30945250391960144, 0.6193751096725464], [0.8541046380996704, 0.14030848443508148], [0.31208479404449463, 0.3430277407169342], [0.6006963849067688, 0.902761697769165], [0.4147666096687317, 0.5466974377632141], [0.6738371849060059, 0.04758389666676521], [0.4613165259361267, 0.408328115940094]], "landmarks_depth": [0.40588119626045227, 0.2341798096895218, 0.24131661653518677, 0.5551607608795166, 0.5161372423171997, 0.4619336724281311, 0.2019076645374298, 0.2365158200263977, 0.23735471069812775]}, {"frame_index": 40, "rotation": [0.599176824092865, 0.19303229451179504, -0.7769978642463684, 0.08345235884189606, -0.9802707433700562, -0.17917844653129578, -0.7962554693222046, 0.04251730442047119, -0.6034645438194275], "translation": [0.008799525909125805, -0.029987681657075882, 0.294